-0.0779818
-0.0843261
-0.0696826
-0.0511383
-0.0451558
-0.00284233
-0.0135113
-0.0231048
0.0114684
0.0268523
0.0415534
0.043342
0.0268362
0.0688367
0.0683838
0.0392742
0.0388297
0.0250307
-0.00284578
-0.0179752
-0.0344583
-0.0190055
-0.0213086
-0.0463456
-0.0076665
-0.0156713
-0.0372426
-0.00840964
-0.000510602
-0.0303146
-0.0246907
-0.0671356
-0.060466
-0.0526172
-0.141873
-0.150811
-0.119688
-0.119417
-0.136425
-0.123459
-0.116648
-0.0632599
-0.0760058
-0.102074
-0.0836488
-0.0793297
-0.0436899
-0.0533558
-0.0397375
-0.039766
-0.0239153
-0.0425207
-0.0376596
-0.00160461
0.0409835
0.0733789
0.0359325
0.0161313
0.0595655
0.043675
0.0313704
0.034205
0.0437848
0.0376656
0.0206141
0.00213243
-0.00614471
0.0372909
-0.0250059
0.0104991
0.0206453
0.0187385
0.0370069
0.0396907
0.0345225
0.0510428
0.0542667
0.0364144
0.0809845
0.0847895
0.0843871
0.0773965
0.0670071
0.081377
0.110528
0.102908
0.126894
0.109053
0.0931995
0.0594054
0.0536161
0.0719323
0.0510878
-0.000546824
0.0403948
0.0282904
0.00546664
0.0424033
0.0475466
0.0519404
0.0616206
0.030281
0.0595386
0.0956452
-0.0140673
-0.0107207
-0.00117369
-0.0127266
-0.0558384
-0.0366235
-0.0571497
-0.0242738
-0.0364604
-0.0492412
-0.029984
-0.0440377
-0.030837
-0.0273281
0.00513613
-0.00837334
0.00432509
-0.000984618
-0.0170334
0.00785089
0.0475633
0.0534763
0.0195178
-0.0187786
0.00996941
-0.000511038
0.00143683
-0.00937964
-0.000767787
-0.0291001
-0.0421013
-0.0569053
-0.0393895
-0.00562285
-0.0664808
-0.0284172
-0.0315456
-0.0437742
-0.0257671
-0.0221139
-0.0130101
-0.0199558
-0.0420867
-0.0368009
0.0110171
0.00619636
0.00203892
-0.0153345
-0.03316
0.00563272
-0.0138716
0.00537365
0.0172875
-0.0198583
-0.0431786
-0.0621917
-0.0517412
0.00577146
0.0189564
-0.035112
0.0152725
0.00928854
-0.00254139
0.0186896
0.0269225
0.0347605
0.0443457
0.0119628
0.012562
0.0266842
-0.0539197
-0.0204261
0.0120872
0.03834
0.014926
0.00567993
0.0048705
-0.00134531
-0.0222865
-0.0305663
-0.00752317
-0.0131377
-0.0111687
0.0026651
0.0384755
0.0259796
0.0170798
0.0342534
0.0487091
0.0769147
0.103222
0.0994965
0.075735
0.0356756
0.0614615
0.0607019
0.0649454
0.0330306
0.0151429
0.0109485
0.00726212
0.00458622
0.0159957
0.0244065
-0.0343072
-0.00198001
-0.00597255
0.0262378
0.0526167
0.0474456
0.0541714
0.0450862
0.0504525
0.0550859
0.0704127
0.0811159
0.0573177
0.0462178
0.0204633
0.0402311
-0.00112745
0.0227719
0.0408837
0.0381439
0.0250933
0.00706832
0.0203286
0.0353045
0.0360371
0.00708309
0.0730663
0.0275133
-0.00244836
0.00778503
0.0274925
0.0212468
0.0313387
0.0279752
0.0384809
0.0402902
-0.00229668
0.0326586
0.0442628
0.0438666
0.0152027
0.00741844
-0.0126041
-0.00564934
0.0036066
-0.00378047
-0.0212689
-0.0191161
-0.00745491
-0.012774
0.0101967
0.0183498
0.0275508
0.0510996
0.0388664
0.0607395
0.0703013
0.0411514
0.033776
-0.0100451
0.00301595
-0.00780799
0.00882701
-0.0304645
-0.0533152
-0.0572312
-0.0545077
-0.0525199
-0.0795176
-0.0469396
-0.098945
-0.104766
-0.0911125
-0.074445
-0.0629679
-0.0559942
-0.0491807
-0.0288342
-0.021078
-0.00718831
0.030576
0.0536959
-0.00329267
-0.0245011
-0.0120909
-0.0129631
-0.0274805
-0.00605109
-0.00594903
0.00634827
-0.0161033
-0.0244142
-0.0175907
-0.00917023
0.0241567
0.0171255
0.0478847
0.0148526
0.0159371
-0.00330481
0.0318572
0.0156838
0.0512903
0.0506208
0.0346162
0.011121
-0.0231005
-0.0280518
-0.00496481
-0.00690667
-0.0157173
-0.000399467
-0.0333679
-0.038012
-0.0274107
-0.029437
-0.00171669
0.0180475
-0.00370911
0.0137551
-0.00443859
0.0176046
0.0070985
0.0378536
0.0233432
0.019883
0.0117841
-0.000319318
-0.00951134
-0.0517331
-0.0173814
-0.0459905
0.00133338
-0.0197878
-0.0530064
-0.0147683
-0.0101531
-0.0347965
-0.0426017
-0.0290777
-0.0608076
-0.0976111
-0.101863
-0.0695125
-0.0776039
-0.0807409
-0.0561289
-0.0259441
0.0022566
0.0394558
0.057742
0.0944412
0.0380451
-0.00856961
0.00782594
-0.0026092
-0.0447869
-0.0282904
-0.0333162
-0.0139207
-0.0553295
-0.031065
-0.0105679
-0.0130338
0.00712338
0.029929
0.0450386
0.00462587
-0.0126656
-0.0518418
-0.0162353
-0.0273483
-0.00968089
-0.00410793
-0.0123129
-0.0351274
-0.0321019
-0.0331238
-0.0265186
-0.0370088
-0.0301133
-0.0432828
-0.0449736
-0.0424947
-0.0387711
-0.0437161
-0.0365552
-0.0230066
-0.00376844
0.0205234
-0.0277446
0.00564892
0.00160179
0.0503115
0.0512768
0.0260328
0.0428906
0.0491104
0.0428291
0.00434143
0.0315831
-0.00103182
0.020057
-0.0121113
-0.0466766
0.011213
-0.0137909
-0.026606
-0.0456567
-0.0352807
-0.0392301
-0.0906211
-0.0743051
-0.0697456
-0.0608377
-0.0625765
-0.0650597
-0.0330055
-0.0199764
-0.0131709
0.00286887
0.0606971
0.000375785
-0.0261743
-0.00350589
-0.0375347
-0.0670079
-0.0326767
-0.0460839
-0.0142508
-0.0256784
-0.0180074
0.0032551
0.0120665
-0.0151554
0.000959957
0.0444184
0.0205326
0.0178509
-0.0242234
-0.015014
-0.031756
-0.0322037
-0.0277816
-0.00830205
-0.0303296
-0.0145403
-0.0528011
-0.0482636
-0.0664732
-0.0499692
-0.0564229
-0.050927
-0.0601938
-0.0413854
-0.00717992
-0.033248
-0.0371127
0.00789141
0.0443201
0.0247018
0.0514716
0.0589099
0.113821
0.108547
0.0786726
0.0823859
0.0785945
0.0674677
0.054483
0.0412307
0.0586471
0.0799329
0.0730533
0.0759217
0.0850355
0.0748537
0.0634213
0.0513208
0.0558969
0.082738
0.0370933
0.0488296
0.0269362
0.0512358
0.0438331
0.0497621
0.0845069
0.0692461
0.0703162
0.0985253
0.0993865
0.0467215
0.0264514
0.0278621
0.0280615
0.0234234
0.0392576
0.0157657
0.0309951
-0.00862934
0.0111618
0.0313875
0.0208438
-0.0349797
-0.0303055
-0.0393125
-0.0473429
-0.0432784
-0.043321
-0.0469399
-0.0580505
-0.0753313
-0.0566458
-0.0456509
-0.0362094
-0.014985
-0.0342092
-0.00774297
-0.0389544
-0.017502
-0.0401192
-0.0113402
-0.0227197
-0.0116311
0.00780308
-0.00136444
-0.0025377
0.0147034
0.0451065
0.0151979
0.0343471
0.0240293
0.0557379
0.0556342
0.0116056
0.0171946
0.0189662
0.0139554
0.0208482
0.00829704
0.0515291
0.0622731
0.0502865
0.0551221
0.0821483
0.0742733
0.0433608
0.0301601
0.0170487
0.0363552
0.0197115
0.0184855
0.00296134
0.0257381
0.0178933
0.0267583
0.0736304
0.0565742
0.0350595
0.0420643
0.0119638
-0.0375191
-0.0366675
-0.0456317
-0.0542933
-0.059584
-0.0473444
-0.0263814
-0.0424856
-0.0392063
-0.042447
0.00639492
0.0012446
-0.0447542
-0.0312062
-0.0475935
-0.0494245
-0.0551896
-0.0446709
-0.0534993
-0.0390729
-0.0770059
-0.0535751
-0.0478225
-0.0523642
-0.0427647
-0.0503034
-0.0645188
-0.0729819
-0.0536784
-0.0802988
-0.069987
-0.100162
-0.0853679
-0.03656
-0.0396761
-0.0536012
-0.0338168
-0.0262492
-0.025566
3.42382e-05
0.0349303
0.0576832
0.0415537
-0.0134422
-0.00156912
-0.0155723
-0.0247847
0.00525096
-0.0144461
0.0237827
0.0104318
0.0130201
0.0312166
0.0254115
0.0233384
0.0102089
0.0147748
0.00930898
0.0125545
0.010516
0.0114478
-0.0240055
-0.00410253
0.0119493
0.00318887
0.0563094
0.0348939
0.0301604
0.0341479
0.00865704
-0.0389462
-0.0120899
-0.0129893
-0.0162805
-0.00160525
-0.029738
0.00723724
-0.0270902
-0.0305438
-0.0581282
-0.0200725
-0.0225244
-0.0517806
-0.0459553
-0.0623498
-0.0426151
-0.0403075
-0.0148321
-0.0238634
-0.0330853
-0.0292038
-0.02513
0.00633823
-0.0284441
-0.0249179
-0.0403192
-0.0653887
-0.0522432
-0.000378503
-0.0112863
-0.0178411
-0.0421712
-0.0776632
-0.0454405
-0.0504634
-0.0515895
-0.0533003
-0.0559598
-0.0638176
-0.0358677
0.00497466
0.0298697
0.0149726
-0.0376129
-0.017398
-0.0136883
0.0017533
0.0114541
-0.0149091
0.0323253
0.00289959
-0.0103153
0.0258891
0.0579103
0.0678997
0.0467533
0.0515994
0.0383481
0.0238917
0.0478327
0.0556363
0.0394201
0.0335556
0.0653971
0.0429086
0.0729249
0.0439087
0.0391402
0.0537667
-0.00789701
-0.0344272
-0.0034541
0.00874446
0.00510927
0.0222901
-0.0220908
0.0167368
-0.0106059
-0.0301334
-0.0502563
-0.0501932
-0.0715294
-0.0762117
-0.0442894
-0.0808622
-0.0506086
-0.0414446
-0.0101008
-0.0138135
0.010139
0.0297362
0.0197085
0.0341477
0.00480384
-0.00428722
0.00357972
-0.0276735
9.69135e-05
0.031153
0.0335492
-0.0108907
-0.0202737
-0.0561332
-0.0501137
-0.0281838
-0.0346425
-0.0368163
-0.0635775
-0.0858575
-0.0656205
-0.0246309
0.0069317
0.00707361
-0.0439111
-0.0298708
-0.0247847
-0.0429921
-0.0397482
-0.0250859
-0.0187206
-0.0272533
-0.0364573
-0.012816
0.0386608
0.0568715
0.0507199
0.0659634
0.0730901
0.0364137
0.0279259
0.0374593
0.0422718
0.0161619
0.0270359
-0.0115588
0.00721685
-0.000900013
-0.0125414
-0.0187036
-0.0449466
-0.0431434
-0.0140728
0.0157499
-0.025277
-0.0118027
-0.0404113
0.00749908
-0.0278127
-0.0152929
-0.0233238
-0.0373143
-0.0513424
-0.0727039
-0.0227208
-0.00863243
0.0180344
0.0281145
0.037678
0.0566084
0.0583202
0.0640406
0.0450915
0.0866619
0.0439254
0.002998
0.00322618
-0.0520632
0.00139927
0.029999
0.0222085
0.00560661
-0.0010055
-0.0335421
-0.0138181
0.0113306
-0.00698533
0.0200594
-0.00917797
-0.0416876
-0.00882211
0.0278049
0.0500107
0.0457887
0.0153942
0.0372126
0.0218009
-0.010384
-0.0324744
-0.00744654
-0.00218973
-0.0251933
-0.0480878
-0.027935
-0.00609891
0.00777248
0.03237
0.0519413
0.0965175
0.0855197
0.0460079
0.0519386
0.0455221
0.0110797
0.0105112
-0.0282694
0.0085073
0.0140996
0.0152143
0.0244222
0.0429826
0.050324
0.106683
0.126715
0.105588
0.107949
0.0687829
0.0847443
0.0424961
0.0230428
0.0409001
0.024819
-0.00710648
-0.0176821
0.0352982
0.0466301
0.0523803
0.0633889
0.0754399
0.0887643
0.044806
0.0463943
0.00744128
0.0469826
0.00202284
-0.0125536
-0.00930706
-0.0412177
0.00699018
0.00416991
0.0298627
0.0320945
0.0649125
0.0535537
0.0641392
0.0824088
0.0407669
0.0761989
0.0533353
0.0268952
0.0553202
0.0886845
0.106289
0.0957729
0.0880675
0.0673937
0.0789724
0.00685924
-0.0279001
0.00868019
0.00383135
-0.0352147
-0.0643102
-0.0663936
-0.051874
-0.0215422
0.000823345
0.0204819
0.0604434
0.0606861
0.0357052
0.0448755
0.0342276
-0.021102
-0.0406473
-0.0720873
-0.0572449
-0.0408984
-0.0390076
-0.0456227
-0.0554702
-0.040511
0.00700507
0.0330579
0.0437157
0.0511404
0.0397064
0.0504483
0.0249498
0.0174204
0.0248843
-0.00374366
-0.0193048
-0.0316775
0.0277698
0.0388168
0.019749
0.0417988
0.041184
0.0422699
0.0445372
0.0605746
0.05858
0.0789062
0.0205668
0.0189754
0.0471094
0.0201351
0.0342754
0.00917036
0.0184442
0.0230181
0.041284
0.089642
0.0924722
0.120058
0.117365
0.167468
0.144558
0.148977
0.143009
0.150876
0.142965
0.123046
0.121314
0.0557731
0.0193736
-0.0595817
-0.0689107
-0.030861
-0.0111022
-0.0182825
-0.0525671
-0.0435664
-0.0311903
-0.00608522
0.00122116
0.00529783
0.0522329
0.0258926
-0.0125168
-0.0191755
-0.00856706
-0.0436826
-0.0808815
-0.0969673
-0.0700612
-0.0515685
-0.0869827
-0.102341
-0.0878723
-0.08004
-0.029666
-0.019644
-0.0176341
0.00328176
0.0114428
0.0164758
0.0202611
0.0351239
0.0430709
0.0413576
0.0097795
-0.00684482
0.0412332
0.0619025
0.0208127
0.0115672
0.023756
0.0382725
0.0245161
0.0376947
0.0233435
0.0257284
-0.00717298
-0.0171264
-0.0226943
-0.0288004
-0.0416318
-0.0455132
-0.0449918
-0.0362756
-0.00279094
0.0413954
0.0246243
0.0637764
0.092751
0.148635
0.139581
0.152798
0.156484
0.170418
0.1729
0.149251
0.156507
0.0637592
0.0338967
-0.0120816
-0.0247669
-0.028415
-0.0136555
-0.0679673
-0.139429
-0.138329
-0.136422
-0.110204
-0.0946992
-0.0947238
-0.064831
-0.0824785
-0.101311
-0.0890856
-0.0728728
-0.0922045
-0.117866
-0.0960484
-0.083078
-0.0988885
-0.12088
-0.12721
-0.107145
-0.10823
-0.0433052
-0.0535145
-0.0227662
-0.00335296
0.0176543
0.013069
0.02991
0.0352275
0.014984
0.010385
-0.0106117
-0.00244286
0.0413909
0.030922
0.0170227
0.0250248
0.0407543
0.0420205
0.0379167
0.0607053
0.0315692
0.0181724
0.0268446
-0.00126901
-0.0317297
-0.0449298
-0.0512257
-0.0617031
-0.0527491
-0.0529274
-0.0383721
-0.0282626
-0.0691834
-0.0264365
0.0136928
0.0602647
0.0359151
0.0591131
0.0511483
0.0730764
0.0906272
0.124589
0.129526
0.0458717
0.0385291
0.0103622
0.0199401
0.016595
0.0389449
0.0198723
-0.0438506
-0.0634882
-0.0652004
-0.036089
-0.0669934
-0.0740315
-0.0820333
-0.0967764
-0.104121
-0.114436
-0.0666871
-0.061924
-0.100813
-0.0543115
-0.0518295
-0.0668987
-0.0836586
-0.0788325
-0.0519917
-0.0602978
-0.0425586
-0.0302242
-0.00342959
-0.00418096
0.0353088
0.0370633
0.0739018
0.0676084
0.0266645
0.0114762
-0.0177313
-0.0149743
0.00483365
0.00436652
-0.0222863
-0.0153267
-0.00390823
-0.00146901
-0.00458503
0.00213574
-0.0136342
-0.0360061
-0.0198012
-0.050637
-0.0750329
-0.105287
-0.120182
-0.10735
-0.0990501
-0.0928674
-0.0843597
-0.111627
-0.138042
-0.112484
-0.0602427
-0.00709771
-0.0237141
-0.000864167
-0.0127457
0.00717634
0.0487687
0.101848
0.0839759
0.0338762
0.0595139
0.0780589
0.0888864
0.0693702
0.102137
0.0925486
0.0457636
0.0188389
0.0389101
0.0611275
0.0114199
-0.0223279
-0.0298675
-0.0358845
-0.0562487
-0.0713488
-0.0379025
-0.00149512
-0.0266278
0.0190789
-0.0112777
0.00963457
0.00264716
0.0107493
0.0228797
-0.00283358
0.00893417
0.0130158
0.018966
0.00938995
0.0379885
0.0482398
0.0550044
0.0242667
0.0213371
0.0273634
-0.0086436
-0.00138444
0.0109046
-0.00796405
-0.0266382
-0.0539961
-0.0306087
-0.0203409
-0.0461511
-0.0443779
-0.0749466
-0.116871
-0.0976419
-0.11193
-0.128575
-0.159467
-0.180696
-0.174062
-0.162965
-0.160338
-0.141937
-0.162722
-0.173942
-0.156431
-0.126425
-0.10809
-0.109077
-0.104566
-0.108862
-0.0773018
-0.0549133
-0.00607354
-0.0414754
-0.0742099
-0.0210354
0.00193374
-0.000362114
0.0126646
0.0231874
0.0383803
0.0250449
-0.0179303
0.0157472
0.03415
-0.0175277
-0.00894853
-0.00119349
-0.0055984
-0.0216555
-0.0555905
-0.041238
-0.00191719
-0.0255224
-0.00500788
-0.0143358
-0.0150616
0.012905
0.026332
0.0568292
0.063602
0.0870585
0.0434398
0.0621755
0.053468
0.0630625
0.0578458
0.00511545
-0.0207706
-0.0378924
-0.0404353
-0.0570537
-0.0347973
-0.0391814
-0.0475495
-0.0750894
-0.0747823
-0.0545075
-0.0458337
-0.0591132
-0.0702884
-0.105207
-0.117404
-0.104672
-0.0854558
-0.071466
-0.0934532
-0.0895809
-0.0909583
-0.0757278
-0.0658087
-0.0624702
-0.0885317
-0.0933794
-0.0907689
-0.0827638
-0.0905634
-0.0761866
-0.0932209
-0.089227
-0.0781042
-0.0680958
-0.00269838
-0.0553294
-0.0809345
-0.0307305
-0.0166225
-0.0273706
-0.00499905
-0.00419972
0.0228567
0.0483614
0.0136593
0.07667
0.0935687
0.0624458
0.0591686
0.0736701
0.0719065
0.063365
0.0231446
0.0130899
0.0320173
0.0128972
0.00923162
-0.00215262
0.025465
0.0352934
0.0228088
0.0476094
0.0407459
0.0334189
0.0234219
0.0434999
0.0389886
0.0411315
0.0507474
0.00684859
0.00406538
-0.0179307
0.0030617
0.00308125
0.0055323
-0.0114369
-0.00430788
-0.00326429
-0.0145089
-0.000905699
0.0210953
0.0365504
0.024123
0.0258674
0.0281276
0.0290734
0.0528731
0.0352353
0.0216767
0.00525367
0.00432198
-0.00666788
-0.0118616
-0.0102147
-0.0356881
-0.0363466
-0.05859
-0.0631981
-0.0839614
-0.0427434
-0.0362139
-0.0187634
-0.0104731
-0.0400687
0.00778042
-0.0349328
-0.0860869
-0.0233435
0.00385406
-0.0138378
-0.0140963
-0.0237449
0.00124736
0.0529694
0.0325573
0.0750377
0.104752
0.0914951
0.113877
0.126116
0.0940829
0.0904149
0.0636328
0.0264166
0.0308616
0.047234
0.0371533
0.0264838
0.0314797
0.0418841
0.0236297
0.0379735
0.052308
0.0501135
0.0496897
0.0561847
0.0796559
0.0745635
0.0509521
0.0152638
0.0401539
-0.0174065
0.00662294
0.0353025
-0.00515398
-0.0286304
-0.0292619
-0.0265876
-0.0123049
-0.00715587
0.0315682
0.0841496
0.0497047
0.0602276
0.10972
0.123757
0.134955
0.105393
0.092755
0.0910804
0.0461332
0.0290014
-0.00583457
-0.0105131
-0.0366218
-0.0597864
-0.0613063
-0.0534168
-0.0827725
-0.0612873
-0.0448207
-0.0290793
-0.012062
-0.0708806
-0.043001
-0.0784646
-0.113151
-0.11092
-0.0893848
-0.0961052
-0.0702285
-0.070728
-0.0406578
0.0107272
0.00575532
0.0533527
0.084137
0.0851732
0.0955072
0.11089
0.077521
0.0732596
0.0577522
0.0503106
0.0246226
0.0374729
0.0210328
0.0371195
0.0314592
0.0257505
0.0153916
0.017638
0.0449066
0.0260453
0.0218584
0.00173532
-0.00455038
-0.00278868
-0.0372279
-0.0652032
-0.0348549
-0.0924142
-0.0796151
-0.0557264
-0.0945853
-0.103737
-0.0700254
-0.0313016
0.0122797
0.0296888
0.0480641
0.0941857
0.0741186
0.0821152
0.169013
0.178528
0.197455
0.153089
0.146042
0.146778
0.0923909
0.0887909
0.0902856
0.0831073
0.0408878
0.0412083
0.0275443
0.0311058
-0.00130283
0.0198944
0.050228
0.0682142
0.0447904
0.00788857
0.0202653
0.0132051
-0.0194885
-0.0180811
0.011318
-0.00524367
-0.0134171
-0.00816247
0.00808462
0.0444602
0.0586809
0.0750326
0.0952049
0.0884929
0.0868744
0.0991623
0.0754503
0.0683509
0.0513379
0.046312
0.0202133
0.0445748
0.0640241
0.0648307
0.0627115
0.0541061
0.0750215
0.0413033
0.0420356
0.0226294
0.0340798
-0.0171127
-0.0297731
-0.0309682
-0.0395152
-0.0681775
-0.0310242
-0.0563179
-0.034693
-0.0203554
-0.052847
-0.0433557
-0.0412411
0.00246409
0.0323705
0.0342146
0.0380153
0.0780124
0.0642513
0.08671
0.129324
0.136888
0.102418
0.0574827
0.0505926
0.0620975
-0.0210295
-0.0251606
-0.0186411
-0.0373659
-0.0470318
-0.0503148
-0.0581442
-0.0483998
-0.0648776
-0.0400843
-0.000564088
0.0187745
0.0111244
-0.0122873
-0.0286158
-0.0405998
-0.0188228
-0.00599411
0.0203363
-0.00851786
0.0155959
0.0334505
0.0315147
0.0583741
0.0698158
0.0749662
0.0894805
0.0710907
0.0545717
0.0694469
0.0406042
0.0365971
0.0272954
0.0304421
0.0155342
0.0621219
0.0654363
0.0564928
0.0409134
0.0268766
0.0323445
-0.0161974
-0.0204916
-0.0295458
-0.0186724
-0.0674036
-0.0895608
-0.0721375
-0.0948414
-0.0929093
-0.0643117
-0.0479481
-0.0142755
-0.0187948
-0.0394852
-0.023368
-0.0162136
-0.011682
0.0218672
0.0228006
0.0126126
0.0427318
0.0418549
0.0458615
0.062727
0.0653625
0.0443817
0.00344503
0.00683964
0.0155689
-0.0293371
-0.0522956
-0.0760045
-0.090921
-0.0729702
-0.0732732
-0.0669364
-0.0609639
-0.0547403
-0.038668
-0.0299765
-0.0327368
-0.0302493
-0.0426268
-0.0831897
-0.0699051
-0.0563928
-0.0647755
-0.0582881
-0.0884104
-0.0538075
-0.0509549
-0.0360239
-0.00316551
0.0292485
0.00685674
0.0310028
0.0351239
-0.00813777
0.00965913
0.00360138
0.0131869
-0.000196086
0.00271321
0.0183947
0.0528934
0.0592277
0.0694276
0.0724134
0.0605086
0.0520701
0.00234188
0.00956991
0.00478923
-0.0219748
-0.0864824
-0.100515
-0.110703
-0.115263
-0.117077
-0.104422
-0.0391179
-0.049203
-0.0528966
-0.0466621
-0.0203571
-0.00684753
0.0420325
0.046446
0.0455152
0.00126751
0.00129283
0.00917147
0.0297993
0.0228506
0.022581
-0.0111637
-0.0346182
-0.0321108
-0.0263056
-0.012971
-0.0517437
-0.0533724
-0.0554881
-0.0463315
-0.0435328
-0.051947
-0.059473
-0.0288069
-0.0123698
0.00162414
0.0378938
0.0236306
0.00893291
-0.0179409
0.0207765
0.0164222
0.0194052
0.0281032
0.00417693
0.0174163
0.00571332
0.0422945
0.0673653
0.0768527
0.0405853
0.0560847
0.0322675
-0.0146494
-0.0294543
-0.0346257
-0.0431874
-0.0509073
-0.0855052
-0.0668821
-0.0233086
-0.00584759
0.0166918
0.0237597
0.0117485
-0.00159246
-0.0267963
-0.0772978
-0.0903516
-0.094234
-0.148486
-0.149716
-0.140892
-0.124285
-0.0716363
-0.051994
-0.0172933
0.0382423
0.0408464
0.0630584
0.0738353
0.0650536
0.0804219
0.07413
0.0299976
0.021117
0.0420478
0.0266197
0.0464854
0.0322735
0.0525504
0.016153
-0.00577464
-0.00854533
-0.0242508
0.00616229
-0.0491529
-0.0864846
-0.0887677
-0.100137
-0.0954284
-0.0969568
-0.111196
-0.0801042
-0.047767
-0.087406
-0.0646952
-0.020081
-0.0381316
-0.028327
-0.00180983
0.00151023
-0.000708586
-0.00913258
0.00470843
0.0107754
0.0186183
0.0364756
0.0973001
0.0906021
0.0270152
0.0587973
0.0541839
0.0185195
0.012508
0.0448004
0.0372085
0.0405768
0.0127725
0.0257786
0.0670768
0.0698196
0.0798093
0.114964
0.101038
0.0693154
0.0529045
-0.00756276
-0.0320292
-0.0296833
-0.0587227
-0.08858
-0.0788654
-0.0833717
-0.0239812
-0.0257316
-0.00407188
0.0349837
0.0266173
0.0275103
0.0335904
0.0561909
0.0813905
0.0678661
0.0222292
0.00723137
0.0275385
0.0342337
0.0737918
0.0751492
0.0566677
0.0918203
0.0584916
0.0658049
0.0349568
0.0753456
0.0084935
-0.0405176
-0.0494162
-0.0917398
-0.0566434
-0.0806368
-0.0761069
-0.0654595
-0.024518
-0.0455822
-0.0279751
-0.00613743
-0.0477387
-0.0206773
0.0164678
-0.001058
-0.00177548
-0.0142731
-0.0154736
-0.0594504
-0.0363184
-0.0156723
0.0638495
0.077714
0.027325
0.0328912
0.0227118
-0.00817838
-0.0286756
0.00268451
0.00631533
0.0183457
0.00569355
0.000819935
-0.00930008
-0.00301763
0.00733586
0.0405591
0.0251609
0.0618146
0.073504
0.0116889
-0.0312574
-0.0442029
-0.0525374
-0.0751384
-0.0789803
-0.068097
-0.0188608
-0.0300072
-0.0155187
0.0288198
0.0206838
0.0316923
0.0608858
0.0718655
0.102407
0.0914497
0.0511751
0.0182044
0.0222351
0.0161864
0.0159131
0.0257276
-0.011028
0.0216984
-0.00652281
-0.0138114
-0.0203224
0.00775948
-0.0428818
-0.0551187
-0.0742895
-0.113366
-0.091221
-0.134612
-0.116868
-0.0997525
-0.0772597
-0.0717463
-0.0716574
-0.0477125
-0.0632964
-0.0321077
-0.0184628
-0.00285351
0.0112748
0.00836466
0.00720314
-0.0352581
-0.0136603
-0.0254333
0.0693185
0.0740137
0.0620535
0.0769273
0.052612
0.0366852
0.0467589
0.0670256
0.0607572
0.0895747
0.0784066
0.0779894
0.0693231
0.073626
0.0670858
0.102932
0.0677104
0.0901569
0.112668
0.0549519
0.00271104
0.00274526
0.00700714
-0.0230713
-0.0127412
-0.0342755
0.0322564
0.0265766
0.0123956
0.0463764
0.0432006
0.0257851
0.0602733
0.0494434
0.0406928
0.0265747
-0.00100594
-0.0307807
-0.017293
-0.0129461
-0.0147571
0.00198138
-0.0549512
-0.00711768
-0.0108031
0.00565283
-0.0201099
0.00406149
-0.0313798
-0.0478901
-0.0615484
-0.0943019
-0.0504663
-0.114147
-0.0823541
-0.081669
-0.0489169
-0.0197408
-0.0540788
-0.0429132
-0.0396669
-0.0173207
-0.01207
0.00873414
-0.000812287
-0.035375
-0.0752354
-0.104128
-0.0589559
-0.0994409
-0.0184884
-0.0176685
-0.0400713
-0.00833119
-0.0144021
-0.00292261
0.045283
0.0539945
0.0581477
0.100535
0.0933108
0.0969887
0.0676577
0.0557965
0.0423873
0.0923679
0.0547063
0.0601515
0.0765147
0.0661933
0.0279667
0.0210451
0.0332806
0.0250777
0.0335726
-0.00742467
0.0021671
-0.0132287
-0.00158005
-0.0293282
-0.0314014
-0.0516353
-0.0368821
-0.0261376
-0.0372648
-0.040921
-0.0565999
-0.0860645
-0.0980343
-0.0995546
-0.115995
-0.090937
-0.114114
-0.0953053
-0.0824596
-0.074664
-0.0668674
-0.0683568
-0.0929147
-0.0714584
-0.0785577
-0.114456
-0.0902358
-0.135721
-0.118712
-0.133904
-0.102808
-0.0450407
-0.0623409
-0.0746511
-0.0678314
-0.031743
-0.0235235
0.00312083
-0.0101703
-0.0215069
-0.0637685
-0.092952
-0.0571528
-0.0671277
-0.00898714
-0.00717687
-0.00215531
0.00528377
-0.0105072
0.00765784
0.0595444
0.0458789
0.0442016
0.0981957
0.0645875
0.0587209
0.0365465
0.0188152
-0.00135077
0.0281767
-0.0214643
-0.0111015
0.000964896
-0.0153592
-0.0432434
-0.0343916
-0.0451428
-0.0362711
0.00269858
-0.0224898
-0.00913367
-0.00693557
-0.0181339
-0.0416109
-0.0265055
-0.0550877
-0.0207425
0.0147097
-0.0236144
-0.0184196
-0.0026381
-0.0186581
-0.0403268
-0.0437732
-0.0748539
-0.0429774
-0.0410988
-0.0664613
-0.039882
-0.0161549
-0.0414921
-0.0710094
-0.0666364
-0.040157
-0.027401
-0.0505424
-0.0687147
-0.103832
-0.0954203
-0.123096
-0.0872374
-0.02971
-0.0144691
-0.0204626
-0.00840784
0.0162982
0.0129879
0.0461375
0.0269309
0.0149015
-0.00920183
0.0152255
0.0224393
-0.00868294
0.0257303
0.00967268
-0.00192079
0.008328
0.0089363
0.0412524
0.0804648
0.0797691
0.094496
0.126012
0.0842651
0.0980683
0.0982784
0.085605
0.0864124
0.111464
0.0825754
0.0599276
0.0458743
0.0296038
0.0401611
0.0435368
0.071879
0.0456357
0.072649
0.0312389
0.00885346
-0.0244737
-0.044476
-0.0530807
-0.0395746
-0.0659352
-0.049545
-0.0253448
-0.0772975
-0.0723685
-0.0640173
-0.0472767
-0.0541445
-0.0242309
-0.0338517
-0.0252828
-0.0147181
-0.0146286
0.054564
0.0835257
0.0914352
0.0844453
0.101876
0.126126
0.134735
0.107943
0.0859872
0.0902962
0.0784082
0.0271787
0.0486098
0.0385842
0.0505349
0.0172926
0.0104687
0.039985
0.0543444
0.0638312
0.0418312
0.0397871
0.0132957
0.0325011
0.0379624
0.0271608
0.0403141
0.0509348
0.0366648
0.0081275
0.0256667
0.0434221
0.0554738
0.0894107
0.105629
0.129358
0.10086
0.0913297
0.0835049
0.0917025
0.0708754
0.073701
0.074998
0.0430026
-0.0107978
-0.0407591
-0.0113642
-0.0263695
-0.0309682
-0.0376761
-0.00998728
-0.00769569
-0.0455913
-0.0430379
-0.0212118
0.00498464
0.00223608
0.0131606
0.0128707
0.0336871
-0.0109258
-0.024871
-0.0130466
0.0114424
0.0189775
0.0325357
0.0103888
0.00209119
0.00218133
-0.0197034
0.0408662
0.0677802
0.0641932
0.066242
0.0462614
0.0597549
0.0861799
0.0664967
0.0367761
0.0459429
0.0183204
-0.0105946
0.0160759
-0.0345622
-0.00800481
-0.0314977
-0.0422
-0.0190066
-0.00294484
0.0299975
0.00828629
0.00834677
0.01587
0.0195555
-0.00371685
-0.00873604
0.00557564
0.0252694
0.0247948
-0.0149733
0.00518107
0.0434946
0.0381711
0.0740534
0.106416
0.125368
0.0912689
0.115595
0.11683
0.119807
0.0929836
0.0776061
0.0826059
0.0399258
0.0159866
-0.0381345
-0.00593403
-0.0516183
-0.0314377
-0.0289686
-0.00816178
6.6973e-05
-0.0345407
-0.0193269
-0.0238994
0.0336218
0.0342766
0.0583353
0.0824571
0.0753798
0.0702137
0.035191
0.051598
0.0663617
0.0689786
0.0853453
0.0614648
0.0258157
0.00727286
0.0180423
0.0453925
0.0699058
0.0796041
0.104686
0.0807629
0.0510423
0.0557311
0.0725496
0.0217685
0.0169679
0.00151968
-0.0119508
-0.014056
-0.0567318
-0.0330022
-0.0449663
-0.067554
-0.049407
-0.00941655
0.0105119
-0.026389
-0.0381086
-0.0511718
-0.0557017
-0.0683092
-0.0662354
-0.0315294
-0.0424244
-0.0638277
-0.0791236
-0.0451872
-0.0244495
-0.0392926
-0.00116574
0.0254244
0.0441837
0.0290513
0.050113
0.0704445
0.0654315
0.0829362
0.0961512
0.136731
0.107144
0.089908
0.0442025
0.0448723
-0.0146458
0.0189379
0.0189343
-0.0282712
-0.0152644
-0.0497521
-0.053291
-0.077939
-0.0533843
-0.0367987
0.0180699
-0.00241248
-0.0103984
0.00719733
-0.0368725
-0.0338439
-0.0053912
0.0501916
0.0674723
0.0416322
0.0136907
-0.0167546
0.0190425
0.0682847
0.0809623
0.0967947
0.12577
0.100454
0.084602
0.0940799
0.068488
0.0379709
0.0159242
-0.0220577
-0.0171233
-0.0113518
-0.0717591
-0.0657964
-0.0643
-0.055313
0.000573546
0.0575411
0.0530232
0.012619
-0.00321298
-6.4829e-05
0.00234296
0.00655243
0.00795797
0.0338344
0.00937723
-0.0157949
-0.0164814
0.0117077
0.0278547
0.0290951
0.0560515
0.0609442
0.0665739
0.03635
0.0381119
0.0687839
0.0455846
0.0798819
0.0858111
0.101564
0.0642024
0.0581276
0.0333335
0.0309938
-0.0099111
-0.0243725
-0.00831245
-0.0483113
-0.0615255
-0.0976488
-0.0750133
-0.122268
-0.118092
-0.110156
-0.0589823
-0.0656815
-0.0612736
-0.0532981
-0.0850207
-0.0759095
-0.0571967
-0.00216813
0.0150293
-0.0091426
-0.034039
-0.0349672
-0.000958229
0.0409907
0.0724339
0.0713017
0.0525194
0.0153751
0.0120002
0.000138737
-0.0103309
-0.0480127
-0.0966
-0.126133
-0.117555
-0.115673
-0.121453
-0.120063
-0.108632
-0.078871
-0.013127
0.0356642
0.0397236
0.0106267
-0.00800923
0.0126736
0.0286428
0.0429339
0.0224129
0.0514698
0.0271024
-0.0118681
-0.0173315
0.0016399
0.0224015
0.0101474
0.0292243
0.0209723
0.0351205
-0.00629715
-0.0215844
0.0271924
0.0252029
0.0510284
0.0672998
0.0876203
0.052591
0.100025
0.0997687
0.101031
0.0915343
0.105438
0.104976
0.0772087
0.0445189
0.0091904
-0.00898301
-0.0992143
-0.137393
-0.109201
-0.0741133
-0.0883359
-0.0884817
-0.0956736
-0.0908222
-0.0744503
-0.0261517
0.0302017
0.0749434
0.0783188
0.0592712
0.0478722
0.127527
0.153256
0.171794
0.187599
0.15129
0.147432
0.118862
0.0783557
0.0588415
0.0431447
-0.00794948
-0.0221779
-0.0348258
-0.0387185
-0.0447297
-0.0455297
-0.0381279
-0.0249
0.0318604
0.0782871
0.0739319
0.0574965
0.049562
0.0328855
0.0676809
0.0928128
0.0892628
0.108354
0.0759261
0.0345459
0.0173291
0.0147061
0.0319718
0.0147046
0.0296586
0.00530937
-0.0230262
-0.0455845
-0.0913085
-0.048798
-0.0574887
-0.0367606
-0.0304845
0.0064672
-0.0184151
-0.00815704
0.031239
0.0245515
0.0305961
0.028686
0.0161388
0.0105018
-0.0280101
-0.036881
-0.0375606
-0.0931324
-0.139228
-0.136028
-0.105547
-0.130445
-0.125489
-0.162184
-0.139047
-0.134812
-0.10985
-0.0477284
0.010954
0.0232244
0.0431664
0.0290911
0.0986461
0.144888
0.156941
0.121683
0.0758089
0.061235
0.0627435
0.0428147
0.00153212
-0.0099165
-0.0563427
-0.0493766
-0.0634564
-0.0439305
-0.0555503
-0.0604118
-0.0695651
-0.0350649
-0.00836709
0.0157983
0.00934753
-0.00998731
-0.0185504
-0.0176966
0.00610632
-0.00777769
-0.0205189
-0.0262714
-0.0375877
-0.0850934
-0.103552
-0.101612
-0.0916685
-0.112009
-0.0730295
-0.0644565
-0.108658
-0.107273
-0.137544
-0.109253
-0.095304
-0.105489
-0.102592
-0.0742598
-0.119336
-0.0987088
-0.0187892
-0.0277036
0.0247481
0.0350087
0.0216221
0.0707518
0.0321615
0.034499
0.0367498
0.0135063
-0.00201388
-0.0151744
-0.0388154
-0.0353289
-0.0265069
-0.0808213
-0.0423084
-0.0492541
-0.0264334
0.0112388
0.0342667
0.0604027
0.0965414
0.0838037
0.121517
0.118797
0.11835
0.0945519
0.0549954
0.0391502
0.0108119
-0.0126753
-0.0344364
-0.0429137
-0.0627697
-0.0361485
-0.0426539
-0.0186504
-0.0119628
-0.0174744
-0.0397002
-0.0280548
-0.0376991
0.00282995
0.0291151
0.0266683
0.0399565
0.00198267
-0.00478386
-0.0365951
-0.0198227
-0.000311142
-0.00698692
-0.0469052
-0.0938503
-0.101267
-0.11914
-0.116637
-0.0704959
-0.0485547
-0.089677
-0.105718
-0.135012
-0.11765
-0.106068
-0.117248
-0.102408
-0.0875977
-0.115161
-0.126699
-0.0709423
-0.100103
-0.0661839
-0.0601652
-0.0609631
-0.00292574
0.0071249
0.0354915
0.0431902
0.0632606
0.0630301
0.0674855
0.0490139
0.0558372
0.0944021
0.0480462
0.0506679
0.0370966
0.0648418
0.0595701
0.076543
0.105026
0.156603
0.139456
0.167494
0.155394
0.158326
0.128814
0.0747837
0.0673523
0.0411751
0.0259376
0.0112757
0.0036668
-0.0554319
-0.0274109
-0.0261316
0.0234835
0.0311304
0.0481527
0.0314196
0.0307376
0.0129979
0.048355
0.0627445
0.0483539
0.0227722
-0.0265025
-0.0264886
-0.0547619
-0.0430255
-0.0117148
-0.0121921
-0.0368499
-0.044361
-0.0389746
-0.0635455
-0.0440605
-0.00620772
0.0270037
-0.0220162
-0.0247424
-0.0245807
-0.023538
-0.0318197
-0.058114
-0.0274253
-0.0181723
-0.0432797
-0.0637334
-0.0147158
-0.0381712
-0.00265595
-0.0052798
-0.0117405
0.0270753
0.0288686
0.0372738
0.0492353
0.070637
0.0877798
0.0788266
0.0575613
0.0740107
0.126207
0.112732
0.107337
0.0848889
0.0981317
0.0773889
0.0587681
0.0709496
0.0786219
0.0815002
0.058179
0.0383373
0.0530616
0.0363651
-0.0172688
-0.0108942
-0.0266904
-0.0534232
-0.0730394
-0.0860858
-0.126782
-0.119243
-0.114598
-0.0754951
-0.0445431
-0.03274
-0.0394327
-0.0602557
-0.0654865
-0.0553426
-0.0358893
-0.0188646
-0.0296567
-0.0617216
-0.0709993
-0.142161
-0.1312
-0.0706095
-0.0711837
-0.10331
-0.0951416
-0.10459
-0.14703
-0.103376
-0.0897646
-0.0311043
-0.0224732
-0.0362048
-0.0303227
-0.0518617
-0.0278129
-0.031076
-0.0129063
-0.0283739
-0.0553164
-0.0453145
-0.0376569
-0.0308462
0.00456489
0.0130892
-0.0180013
0.00850591
0.0181048
-0.00642135
-0.0158545
-0.00674589
0.0125771
0.00801001
-0.0115086
0.00154419
0.0358451
0.0330936
0.0200187
0.0170779
0.0889443
0.077673
0.0435759
0.0532007
0.0352838
0.0579113
0.0355643
0.0112529
0.041346
0.0494999
-0.0193251
-0.0318391
-0.0512288
-0.0699547
-0.0866303
-0.0876521
-0.124139
-0.123703
-0.110808
-0.0879479
-0.0605879
-0.0427588
-0.0110254
-0.0128883
-0.0190008
-0.0339482
-0.015619
-0.0117798
-0.0060762
-0.0340563
-0.0111344
-0.0564863
-0.0557775
0.00264229
0.0243692
0.0415969
0.0569585
0.0319164
-0.00390501
0.0296034
0.00193035
0.0337105
0.0353464
-0.0135689
0.000877478
0.0023845
-0.00527415
0.0121785
0.0206287
-0.000158014
-0.0154179
0.00652115
-0.0195044
-0.0368802
-0.0353653
-0.0355236
-0.0413432
-0.0283172
-0.00412086
-0.0268111
-0.0277482
-0.0377647
-0.0172748
-0.00766824
-0.0202259
-0.0192295
0.0219602
0.0247909
-0.00973948
0.0182217
0.0807299
0.0574302
0.0494408
0.0429295
0.0311037
0.048073
0.06378
0.042876
0.074705
0.0721288
0.0366911
0.0396844
0.0488364
0.0490025
0.0481458
0.0541503
-0.00338911
-0.000447499
-0.00962077
0.00795845
-0.0172306
0.00703234
0.0333761
0.0285623
0.0292578
-0.00900355
-0.0326195
-0.00788524
-0.0323579
-0.0340267
-0.00763342
-0.0644814
-0.0800951
-0.0555478
-0.0430472
-0.0723769
-0.0304494
-0.0526642
-0.0518475
-0.0140029
-0.0237172
0.00868309
-0.0125543
-0.0113838
-0.00699173
0.0224734
-0.0124472
-0.00863315
-0.0234785
-0.0425562
-0.0580487
-0.0234533
-0.040468
-0.0568262
-0.0403761
-0.0277801
-0.0058468
-0.00136714
0.0177748
-0.0265178
-0.0167607
-0.0406829
-0.0111581
-0.00294548
-0.0404772
-0.038684
-0.0346862
-0.020311
-0.0395589
-0.0252798
0.0209158
0.0333617
0.0237243
-0.00487415
0.000328
0.0200589
0.0390282
0.0209243
0.0418418
0.046081
0.00705714
0.0203698
0.0173069
0.040594
0.0486639
0.0523528
0.0256043
0.0303442
0.013246
0.0196473
0.000589763
-0.00251671
0.0183958
0.034044
0.0368425
-0.0044595
-0.0257519
-0.000870736
0.0255959
0.0147907
0.0323046
-0.00194907
0.00275817
-0.00936579
-0.00258997
-0.0159358
0.0331412
0.00558214
0.0154036
0.0564693
0.0385359
0.0596952
0.0318115
0.0477174
0.0331017
0.0628909
0.0356433
0.0327154
-0.0166857
-0.0496565
-0.0359103
-0.0490099
-0.0476303
-0.0817348
-0.0764919
-0.0866487
-0.0672128
-0.036594
0.0265708
-0.00325602
-0.00911741
-0.032611
0.00805704
0.0258896
-0.0258269
-0.0310962
-0.055922
-0.0618536
-0.101019
-0.0738473
-0.037714
-0.012705
-0.0317084
-0.0394303
-0.00481436
-0.011936
0.0409015
0.0341375
0.0253001
0.0212603
0.012025
0.00926764
-0.0223687
0.000673775
0.0185902
0.0363317
0.00626976
0.0338738
0.0232257
0.0419956
0.00917891
0.0158869
0.0335471
0.0434904
0.0481273
0.0368671
-0.00130183
-0.0308556
-0.00416467
-0.0332621
-0.0179848
-0.0235701
-0.0447925
-0.0527975
-0.0216075
-0.0127934
0.0248618
-0.00762956
0.00355052
0.0197001
0.00444631
0.00136807
-0.016814
0.00287397
-0.0428295
-0.0247248
-0.0643506
-0.0845409
-0.133008
-0.143576
-0.131276
-0.127812
-0.107185
-0.160305
-0.13736
-0.161552
-0.12805
-0.0861684
-0.00693886
0.00160162
-0.0141342
-0.00621512
0.00919289
0.00888899
-0.0439238
-0.0382714
-0.0664283
-0.065848
-0.109522
-0.0991594
-0.0742642
-0.0702437
-0.0625438
-0.0556035
-0.0322869
-0.0618204
-0.0463167
-0.040554
-0.0385615
-0.0522583
-0.0306575
-0.0168897
-0.0696937
-0.0516351
-0.0179823
0.00387593
0.0446908
0.0699224
0.0546484
0.0660022
0.0451603
0.0189996
0.0754711
0.0593793
0.0632323
0.106148
0.0732874
0.030541
0.0482818
0.0380291
0.0219558
0.00922644
0.0229764
0.0390457
0.0723441
0.0478509
0.0578953
0.0503808
0.0605048
0.0662901
0.0767996
0.0804563
0.0535106
0.0806763
0.0268385
0.0214724
0.00421091
-0.0141383
-0.0556203
-0.0472658
-0.0308081
-0.0376467
-0.0428008
-0.07643
-0.0663358
-0.0542289
-0.0122916
0.0426593
0.074946
0.0780115
0.0396492
0.0406013
0.0583969
0.0652362
0.0506951
0.0494704
0.00150126
0.00727069
-0.00195128
-0.0262492
0.00201216
0.00245651
0.00791802
0.00847745
0.000272502
-0.0270281
-0.0347043
-0.0579269
-0.0509153
-0.0489899
-0.0406632
-0.0350205
-0.0798737
-0.0990944
-0.0937674
-0.104525
-0.066076
-0.0381548
-0.0452426
-0.0175409
-0.0313498
-0.0214856
0.0152214
0.0157999
0.0392204
0.0773162
0.0357783
-0.0142003
0.00401033
-0.0211852
-0.0330374
-0.035128
-0.0473201
-0.0338064
0.000156776
-0.00918079
0.0259023
0.045583
0.0276857
0.0170616
0.0244958
0.0388175
0.0314248
0.0418029
-0.00105324
0.00317899
0.0107343
-0.00146294
-0.0244275
-0.0300469
-0.00668227
-0.0305375
-0.0254669
-0.0537126
-0.0454911
-0.0507829
-0.033597
-0.0241102
0.00431664
0.0314719
-0.0205133
-0.00823102
0.0215052
0.0130439
0.0170853
0.0296878
0.00140035
0.0190668
0.0214081
0.0365165
0.0586279
0.0552876
0.0522541
0.0851412
0.0615742
0.0224323
0.001589
-0.0176797
-0.0212568
-0.0514153
-0.0223548
-0.0233534
-0.058595
-0.071877
-0.0971603
-0.117392
-0.0606415
-0.0235427
-0.0357903
-0.0174902
-0.0343015
-0.0266088
0.00297703
-0.00688002
0.0200579
0.0772073
0.0210927
-0.0287454
-0.0232319
-0.0633884
-0.0480711
-0.0762416
-0.0978827
-0.0751684
-0.0441543
-0.0816467
-0.0687966
-0.0490434
-0.0563824
-0.0583565
-0.0691133
-0.0741013
-0.0637769
-0.0752938
-0.0894255
-0.0723619
-0.0528631
-0.0532815
-0.0263015
-0.000542034
0.00776573
0.0476435
0.0386428
0.0452022
0.016709
0.054187
0.0701327
0.0696175
0.0637114
0.063508
0.0320205
0.0301077
0.0428497
0.0397347
0.0843485
0.0659923
0.0561595
0.0596388
0.063843
0.0839721
0.0785173
0.0692953
0.0733002
0.0567155
0.0245144
0.00716968
-0.0350578
-0.0420583
-0.0567303
-0.0808833
-0.0428332
-0.0294965
-0.0464595
-0.0483944
-0.0880628
-0.11352
-0.0662035
-0.0510451
-0.0508405
-0.0228691
-0.0546283
-0.0383272
-0.0455946
-0.0316139
0.0108021
0.0615986
0.024317
-0.00736652
-0.00412768
-0.0371479
-0.03175
-0.0760113
-0.0309535
-0.0378104
-0.0361837
-0.0855512
-0.0850173
-0.034445
-0.0308443
-0.032226
-0.0228702
-0.00595436
-0.020104
-0.0295786
0.00440269
0.0116996
0.032261
-0.00352709
0.0287062
0.0478625
0.0624846
0.0665918
0.0391208
0.0428126
0.00169811
0.0550082
0.0370584
0.0138249
-0.0169237
-0.0418786
-0.0669366
-0.0734291
-0.0355269
-0.00474005
0.0134897
-0.0214705
-0.0263133
-0.0102719
-0.00705557
0.0331245
0.0414759
0.0209721
0.00711455
-0.00908939
-0.0128543
0.0110449
0.0121538
0.03373
-0.00534906
-0.031304
-0.00874739
0.0161382
0.0343871
0.00451269
-0.0480826
-0.0565959
-0.0238573
-0.00498609
0.00581682
0.0318512
0.00284791
0.0301855
-0.0109552
0.0202842
0.0600013
0.0478324
0.00712706
-0.0186808
0.0121011
-0.0160431
-0.00251565
-0.0380573
-0.0265867
-0.0251285
-0.0326648
-0.0316028
-0.0110743
0.0364772
0.0270638
0.025022
0.00332115
0.0198278
0.0296483
0.0223844
0.0412019
0.0357513
0.0363674
0.00359883
0.031297
0.0388219
0.0621956
0.0586807
0.0353804
0.0457576
0.0370611
0.0786569
0.0843064
0.0463021
0.0184897
0.00217782
-0.0175519
-0.0306986
0.0124566
0.0112765
0.0355712
-0.0102929
-0.0054979
-0.00653387
-0.0201577
0.0321416
0.0574581
0.0295064
0.00499887
0.0105661
-0.00426064
0.00943653
-0.00514195
0.0236167
0.0126654
-0.0129744
-0.0143729
0.0141575
-0.0143884
-0.0240163
-0.0358466
-0.0232297
-0.000369408
0.0165359
0.0240133
0.0124426
-0.00296701
0.0429683
0.0210505
0.0271955
0.0258943
0.0174666
-0.0247586
-0.0543925
-0.0239852
-0.0325955
-0.0323509
-0.0629315
-0.0174001
-0.0138599
0.00344907
0.0283044
0.0383914
0.0632024
0.0449568
0.0698563
0.0542942
0.054165
0.0725203
0.0601871
0.0458801
0.00790094
0.00119191
-0.0217789
-0.00780859
-0.00393469
0.043749
0.0354911
0.00770667
0.00442516
-0.0159371
0.0105749
0.0350197
0.0129969
0.000971033
-0.0261143
-0.0610193
-0.0666726
-0.0535159
-0.0448485
-0.00342735
-0.0471284
-0.0499488
-0.0469787
-0.0631731
-0.0382055
-0.0266893
-0.0727522
-0.0509885
-0.0684304
-0.0714836
-0.0613275
-0.085034
-0.0749812
-0.0450365
-0.0331355
-0.0329856
0.0061533
-0.0327034
-0.02607
-0.0140344
0.00041134
0.0212469
0.0573517
0.0611442
0.0327863
0.0261319
0.0527177
0.0561912
0.0695665
0.0319971
0.00862069
-0.0225038
-0.0445112
-0.0167044
0.00102247
0.0104469
0.000183755
0.0405335
0.0326132
0.0464693
0.109852
0.134123
0.160232
0.142083
0.146435
0.128859
0.133095
0.137004
0.143373
0.142454
0.111526
0.0902802
0.0907949
0.0602461
0.0521953
0.0700435
0.0354881
-0.00486347
-0.00595809
-0.0116832
-0.0244778
0.0214589
-0.0233011
-0.0417555
-0.0614215
-0.0826393
-0.0558381
-0.0398633
-0.0212976
-0.0231522
-0.0410866
-0.0647325
-0.0674276
-0.0859918
-0.0958412
-0.0532534
-0.0840773
-0.0814155
-0.0942552
-0.09144
-0.0810157
-0.0874851
-0.0879834
-0.0267619
0.0157468
-0.0131883
0.00629469
-0.0455893
-0.0618342
-0.0203114
0.00640039
0.036412
0.070151
0.0538696
0.0089383
-0.00342142
0.026837
0.0594804
0.0699406
0.0182262
-0.0112261
-0.0532712
-0.0767583
-0.0780702
-0.0541555
-0.042268
-0.0577786
-0.0573433
-0.0470343
-0.0302559
0.0211151
0.032139
0.0610964
0.0631734
0.0746893
0.0612988
0.0688219
0.0850712
0.0753486
0.0630399
0.0588322
0.0367995
0.0313422
0.0085534
-0.0170809
0.000264099
-0.0369402
-0.0556839
-0.0424509
-0.05908
-0.0861807
-0.0275475
-0.041627
-0.0136257
-0.0138868
-0.0438356
-0.00985822
-0.0113132
-0.0183663
0.0162052
0.0127826
-0.000431726
0.00460871
-0.021921
-0.0262511
0.00885343
-0.0071845
-3.39506e-05
-0.0262495
-0.00408622
-0.0137562
-0.0339852
-0.0542856
0.0135123
0.0956839
0.10042
0.114291
0.0658424
0.0738997
0.0784952
0.0722236
0.107613
0.137815
0.125397
0.0738912
0.0503371
0.0547909
0.103409
0.109499
0.0696375
0.0695594
0.0315427
0.0292112
-0.0160696
-0.0392578
-0.0238329
-0.0415329
-0.0183178
-0.00863322
-0.00870839
0.0310613
0.0434181
0.0511307
0.0537447
0.0571758
0.0655045
0.0770352
0.0842605
0.0386212
0.0500869
0.0454978
0.0261831
0.00847871
-0.0131162
-0.00900271
0.0028491
-0.0337329
-0.0719757
-0.0470272
-0.0726463
-0.122351
-0.0764316
-0.10029
-0.0634686
-0.0702113
-0.102721
-0.0696167
-0.0814412
-0.0431561
-0.0449314
-0.0165359
-0.0585728
-0.0334787
-0.0664345
-0.0616409
-0.0484382
-0.0491549
-0.016093
-0.0646972
-0.0486946
-0.0446438
-0.0595358
-0.0723609
-0.0213669
0.0291984
0.0537948
0.0682309
0.0575388
0.0812862
0.0926849
0.0705138
0.13104
0.138453
0.121887
0.0745469
0.037347
0.0349728
0.0522266
0.0494811
0.0530744
0.0626497
0.0267658
0.0360592
-0.00514096
-0.00387568
0.0072623
-0.019883
-0.0174943
0.0223872
-0.00147864
-0.010238
-0.0100957
-0.00674834
0.0149449
0.0177387
0.0173246
0.0329696
0.0211677
-0.0384387
-0.000535036
0.0136902
0.0128607
0.00854759
0.011362
0.0124026
0.012092
-0.0120552
-0.0244276
-0.0240997
-0.04064
-0.0478972
-0.00696416
-0.0293244
0.0145597
0.0155534
0.00315825
0.0506534
0.0332659
0.0909702
0.0715119
0.0789828
0.0322295
0.0510307
0.00573165
0.000283088
0.0180574
-0.0132793
0.0299067
0.00839031
0.0390243
0.0525813
0.0480161
0.0580288
0.067685
0.0853518
0.124544
0.132007
0.117475
0.12083
0.114763
0.111874
0.145593
0.153086
0.150233
0.1222
0.0726228
0.0699769
0.0504535
0.0111463
0.0158156
0.0223551
-0.0117747
-0.00731388
-0.0346163
-0.0588475
-0.0675922
-0.0923689
-0.0742691
-0.0229763
-0.0572158
-0.087206
-0.0634721
-0.0680311
-0.0470631
-0.00642683
-0.00166682
0.0331747
0.0315056
-0.0340958
-0.00766221
-0.000118801
-0.026921
-0.0569081
-0.0255433
-0.0191984
-0.00699713
-0.0196527
-0.0175753
-0.017605
-0.016594
-0.023319
0.0264621
0.0105873
0.0182456
0.0285447
0.0124553
0.0395275
-0.00766338
0.0264766
-0.00130875
0.0108868
-0.0157017
0.0180322
-0.0236961
-0.0287676
-0.019495
-0.0218668
0.0307483
0.0285916
0.0538439
0.0808162
0.0650732
0.0273527
0.00904423
0.015482
0.0537202
0.0207487
0.039347
0.0894369
0.0730905
0.049589
0.0491834
0.0765562
0.0902981
0.0760827
0.0316327
0.0288473
-0.00219758
-0.078569
-0.0549419
-0.0332009
-0.0542233
-0.0602396
-0.0679038
-0.0943861
-0.0779088
-0.105195
-0.0938905
-0.0441209
-0.0699664
-0.0939575
-0.0313354
-0.00620564
-0.013225
0.00944459
-0.00453103
0.0198547
-0.00258481
-0.0578099
-0.0228516
-0.00997717
-0.0385841
-0.0377529
0.00596321
0.00332482
0.01372
0.0455523
0.0527475
0.0699667
0.0940211
0.0802473
0.109046
0.0831608
0.0863766
0.101082
0.127423
0.126014
0.0991534
0.122634
0.0450404
0.062347
0.0439868
0.0745345
0.0502368
0.03429
0.0128774
0.0236096
0.0583792
0.030189
0.0560582
0.0892223
0.0666737
0.0354422
0.039392
0.0424318
0.0534062
0.0253343
0.0497755
0.0872813
0.0792235
0.0194301
0.0284188
0.0356271
0.0165306
0.0046666
-0.0120613
-0.0122481
-0.0235164
-0.0692754
-0.0439181
-0.0212661
-0.045882
-0.0684111
-0.070653
-0.0774129
-0.0795212
-0.080174
-0.0891887
-0.047993
-0.0753654
-0.125184
-0.0861495
-0.0644253
-0.0698053
-0.0285728
-0.0285831
-0.0412251
-0.040425
-0.0425418
-0.0234189
0.0191797
0.000760414
-0.00731978
0.0420167
0.0156785
-0.00932727
0.033567
0.0492699
0.0685364
0.110507
0.100249
0.102732
0.114803
0.146119
0.162577
0.192693
0.187473
0.146321
0.127638
0.0441852
0.0280386
0.00846103
0.0135087
-0.0271315
-0.0459121
-0.0473855
-0.040757
-0.0528776
-0.0722606
-0.037707
0.0198074
0.0265296
0.0147411
0.00247476
0.00820429
-0.0135751
-0.0379764
-0.0107187
0.00834938
0.0247561
-0.0378997
-0.0350329
-0.0199749
-0.0322096
-0.0462363
-0.0272227
-0.0160783
-0.00493458
-0.0476925
-0.0395024
-0.0206164
-0.0199464
-0.0462406
-0.034618
-0.0601645
-0.0484473
-0.0640015
-0.0676167
-0.0556538
-0.0879013
-0.0902141
-0.0468265
0.0141743
0.0165147
0.0533859
0.0483504
0.0225246
0.0383874
0.045193
0.0505447
0.0857326
0.0699668
0.0225593
0.0380029
0.0309243
-0.00208703
0.0155092
0.00887756
0.0359128
0.0706293
0.0402128
0.0422048
0.0757995
0.100681
0.0954739
0.131869
0.113091
0.0865326
0.0722085
0.0140409
0.00658087
-0.0140838
-0.025784
-0.0582292
-0.0664458
-0.0629489
-0.0335968
-0.0521838
-0.0853369
-0.090058
-0.0500776
-0.0705103
-0.0890605
-0.0897055
-0.0940061
-0.124546
-0.132731
-0.103931
-0.0701922
-0.069853
-0.130516
-0.0879327
-0.0717971
-0.0852734
-0.074229
-0.0628088
-0.0186719
-0.0228155
-0.0305761
0.02082
0.0394766
0.0217294
-0.0257925
-0.0282981
-0.0293659
-0.0410238
-0.0730836
-0.103364
-0.0903578
-0.119797
-0.116333
-0.100829
-0.0513093
-0.0534509
-0.0354835
-0.0224903
-0.0426258
0.00054671
0.0173216
0.0266177
0.0612502
0.0493017
0.0226305
0.0248923
0.018137
-0.0192699
0.00789518
0.0152673
0.0168946
0.0373968
0.00438127
0.0207548
0.0339335
0.0573851
0.0430193
0.0869483
0.0577771
0.0333923
0.013122
-0.0379948
-0.0377881
-0.061039
-0.0955634
-0.10269
-0.0772464
-0.0853099
-0.071878
-0.0805762
-0.119661
-0.127023
-0.109378
-0.144016
-0.118121
-0.112871
-0.119963
-0.1336
-0.146567
-0.116612
-0.0942507
-0.0693026
-0.101526
-0.0464419
-0.0107545
-0.00509892
-0.0256726
0.0178461
0.0587756
0.0514507
0.0792398
0.115272
0.136707
0.150058
0.128219
0.127926
0.133741
0.0898114
0.067551
0.034558
0.0317345
-0.00181416
0.0016169
-0.0303812
-0.0379625
-0.0609296
-0.0309406
0.000469704
-0.0230065
0.0192706
0.00731644
0.0169542
0.036637
0.0345296
0.0229779
0.0300202
0.0351212
-0.020075
-0.0017347
0.00699321
0.0180896
0.0264651
0.0201305
0.0403736
0.0678704
0.0681988
0.017698
0.0468941
0.0572473
0.0376741
0.0358735
0.0329148
-0.0106052
-0.0542726
-0.0796977
-0.0850054
-0.053424
-0.0453411
-0.0258601
-0.0510039
-0.0840247
-0.0945361
-0.0809198
-0.0769245
-0.0636483
-0.0819251
-0.077435
-0.0988841
-0.123835
-0.0874766
-0.0702683
-0.0542024
-0.0499809
-0.0359979
-0.0374425
-0.00681601
-0.0154531
0.01302
0.0276797
0.0223534
0.0152789
0.0484947
0.0535733
0.0602542
0.0534187
0.0686521
0.0360064
0.0147537
-0.0215954
-0.0477314
-0.026146
-0.0891486
-0.0833372
-0.0747125
-0.0734917
-0.0966823
-0.0653464
-0.0454135
-0.0313517
-0.00373723
-0.0171746
0.0223423
0.0257023
-0.0258043
-0.0191698
-0.00833867
-0.00403764
-0.0523732
-0.0261515
-0.0423925
-0.0351489
-0.0468356
-0.0263932
0.0382927
0.0426898
0.0109214
-0.0313581
0.00110005
-0.00725469
-0.0317083
-0.0344869
-0.0406645
-0.048462
-0.050961
-0.0599663
-0.0415896
-0.00466469
-0.0148645
0.00127232
0.0254339
0.00635509
0.00846874
-0.000294156
-0.00630713
0.00764254
-0.0150358
0.00362519
0.016757
-0.00175373
0.0364758
0.0501215
0.0383677
0.0397176
0.0419248
0.0465563
0.0878843
0.0929611
0.101825
0.0794711
0.055613
0.0596226
0.098455
0.0731588
0.0779006
0.10846
0.103621
0.0804988
0.0597751
0.0241474
0.0139561
0.0442392
-0.0158968
-0.00876783
-0.0152294
-0.0804685
-0.12869
-0.13585
-0.108116
-0.0779323
-0.0798029
-0.111927
-0.0822691
-0.0588863
-0.0946257
-0.0858332
-0.0279408
-0.00396327
-0.0319238
-0.00126974
-0.00830628
0.00458543
0.0127294
0.0341351
0.0791034
0.0655707
0.0152418
-0.00468572
0.0128819
-0.0133032
-0.00897699
-0.0288956
-0.0347635
-0.0808526
-0.101804
-0.0816628
-0.0621452
-0.0560792
-0.0784764
-0.0333065
-0.0197244
-0.0367323
-0.0221977
0.00235364
0.00978518
0.0334875
0.000444905
0.0253577
0.0396147
0.0377188
0.0434505
0.0657772
0.0758574
0.0770056
0.0453004
-0.00244556
0.0267205
0.0173261
0.0403293
0.00737401
0.00476494
-0.00177624
0.0327459
0.0184204
0.031089
0.100295
0.117281
0.0844768
0.087073
0.0694184
0.0886081
0.128622
0.0452221
0.0565893
0.0777129
0.0187682
-0.0436675
-0.0130566
-0.000912622
0.0148926
-0.00111348
-0.0274245
-0.0121903
-0.00158786
-0.041597
-0.046532
0.0299242
0.0302884
0.01805
0.0419513
0.0222288
0.0233392
0.0400625
0.0403633
0.0873634
0.0834748
0.0400318
0.0365289
0.0539152
0.0336495
0.0242115
0.00804962
-0.00468599
-0.0535407
-0.0620387
-0.0574212
-0.048427
-0.0672101
-0.107479
-0.0964693
-0.0857591
-0.0613647
-0.054152
-0.0202888
-0.0120617
0.027918
0.0260338
0.0427274
0.0439746
0.0536404
0.0607008
0.06926
0.0723274
0.0817375
0.0385508
-0.0226403
-0.0069263
0.00322199
0.017625
-0.00370673
0.00296393
-0.0260498
0.00576505
-0.019415
-0.0264272
0.0526012
0.0589218
0.019545
0.0360626
0.0404313
0.0484447
0.0545694
0.0115015
0.00993652
0.0655564
0.0371503
-0.013833
0.00936474
0.00430221
0.0216974
0.0110084
0.00777858
-0.0166971
0.00730782
-0.0480989
-0.0589565
-0.0114169
-0.0189339
-0.0493236
-0.0582128
-0.0977105
-0.118501
-0.0986802
-0.102341
-0.0709124
-0.0974785
-0.12528
-0.12633
-0.0820626
-0.113846
-0.108786
-0.103503
-0.122645
-0.140808
-0.134185
-0.105445
-0.0909182
-0.091107
-0.131745
-0.111018
-0.0654692
-0.0226539
-0.0022163
0.0102028
0.00843247
0.0419421
0.07024
0.0703843
0.0746975
0.0811494
0.0587688
0.0563704
0.0888033
0.0908182
0.0804313
0.0134632
-0.00756807
0.0200376
0.0513959
0.0417863
0.0476544
0.022427
0.0289591
0.0433156
0.0322639
0.0887764
0.100283
0.0675546
0.0362826
0.024209
0.0471883
0.068287
0.0377662
0.00967492
0.0573846
0.0154443
-0.00531155
0.0184619
0.029455
0.0647644
0.0724281
0.060288
0.0464152
0.0735103
0.0598145
0.0858485
0.117978
0.0879331
0.0762856
0.04577
-0.00210067
-0.0214939
-0.012479
-0.0243878
-0.00429841
-0.0190985
-0.0406594
-0.0181478
0.0242458
0.00164933
-0.00105459
0.0211201
0.0260083
0.00684712
-0.0234085
-0.0132702
-0.0175474
-0.021568
-0.0703498
-0.0388774
-0.0208097
0.000901321
-0.00669293
0.0105217
-0.0017378
0.0261773
0.0471604
0.0306982
0.0449085
0.0365624
0.036431
0.0335519
0.0675683
0.0602344
0.0527924
-0.00283889
-0.0232091
0.0016689
0.0105213
0.00240055
0.0103746
-0.0117621
-0.00483566
0.0123792
-0.013179
0.00762937
0.0373408
0.0156291
-0.00291729
0.0197766
0.0301535
0.0247038
0.0113752
-0.0117785
0.0535084
0.0362123
0.0263024
0.0650895
0.0801047
0.098248
0.115502
0.105972
0.074033
0.12089
0.0872143
0.102968
0.0836023
0.0294715
0.00912822
-0.0375316
-0.0855255
-0.0973608
-0.108553
-0.126656
-0.109822
-0.126326
-0.146033
-0.130744
-0.0759663
-0.0800811
-0.0904538
-0.0489319
-0.0357561
-0.0415463
-0.0499148
-0.0392907
-0.0495531
-0.0398896
-0.0873955
-0.0534281
-0.0413851
-0.045334
-0.0506368
-0.0648746
-0.0831966
-0.0595073
-0.000593658
-0.00920897
0.00507385
-0.00977513
0.0053418
0.0398572
0.0812112
0.0983328
0.125979
0.13323
0.127018
0.151122
0.156819
0.161414
0.167634
0.157241
0.15857
0.176781
0.164162
0.154323
0.168481
0.152168
0.136785
0.15523
0.164479
0.158203
0.146673
0.111596
0.147745
0.140808
0.139755
0.153376
0.164586
0.177612
0.188292
0.149835
0.126438
0.122605
0.0888545
0.0831408
0.0584472
0.0269046
0.0114604
-0.0299226
-0.0608385
-0.0423304
-0.0344282
-0.0277641
-0.0123708
-0.0127806
-0.00274164
0.0159384
0.0415229
0.0458066
0.052281
0.0950183
0.142591
0.173751
0.200418
0.238497
0.262249
0.292056
0.301525
0.333986
0.36252
0.312673
0.267906
0.235235
0.192554
0.154569
0.12585
0.0874252
0.0570889
0.0176248
-0.0112132
0.0027104
0.0142893
0.014597
0.026375
0.0395051
0.0392773
0.0504746
0.056594
0.065785
0.0692282
0.0752469
0.0784869
0.0937291
0.08322
0.0783125
0.0904145
0.0891352
0.0859769
0.0942574
0.0925026
0.0946677
0.0812737
0.0644672
0.0825225
0.0786781
0.0764917
0.0782108
0.0822697
0.093401
0.10503
0.0868854
0.0829821
0.0829863
0.0620469
0.0565837
0.0429998
0.027044
0.0245779
0.00420693
-0.00929377
9.36074e-05
-0.000828573
0.00250748
0.00944304
0.00983776
0.0157644
0.0251902
0.0304152
0.0295808
0.0294047
0.085024
0.148457
0.200316
0.252204
0.30928
0.357254
0.40618
0.445591
0.500012
0.547686
0.477771
0.417448
0.36688
0.307007
0.244018
0.19142
0.134851
0.0829187
0.0235514
-0.0330686
-0.00897364
-0.00205306
-0.00227568
0.0132823
0.0266484
0.0314487
0.0416366
0.0457889
0.0596357
0.0689293
0.0733213
0.0840684
0.0908803
0.0851643
0.084677
0.0889994
0.0862448
0.0908664
0.0935199
0.091524
0.0800497
0.0642522
0.0485283
0.0514308
0.0509628
0.0444116
0.0384976
0.0379875
0.0363032
0.0406585
0.0332991
0.0347909
0.0372829
0.022932
0.0173955
0.00858537
0.00830083
0.00139447
-0.0166541
-0.0215101
-0.0126343
-0.0145656
-0.0110747
-0.00911674
-0.0104613
-0.00951795
-0.00366517
0.00633658
0.0171343
0.0216548
0.0912229
0.172908
0.238432
0.312239
0.387916
0.465092
0.536228
0.602564
0.676312
0.74202
0.654285
0.576697
0.503736
0.431495
0.349498
0.274055
0.196382
0.115399
0.0360119
-0.0459822
-0.0322471
-0.0353457
-0.0292582
-0.0220033
-0.0114217
-0.00819465
-0.00268918
0.00256363
0.0188114
0.0300209
0.040157
0.051488
0.0640912
0.0599147
0.0622042
0.061427
0.063288
0.0661482
0.0634163
0.0616024
0.0541343
0.0423231
0.0294581
0.0315944
0.0255839
0.0243718
0.0173444
0.0163624
0.0106852
0.019091
0.0141191
0.011672
0.0131473
0.00454014
0.00300592
-0.00135325
-0.00325797
-0.00596958
-0.0174065
-0.0244376
-0.0223023
-0.0166749
-0.013294
-0.00781305
-0.00255719
7.85225e-05
0.00277044
0.00629657
0.0222691
0.0266807
0.124897
0.223179
0.307656
0.400824
0.496092
0.596771
0.697114
0.791446
0.883395
0.975536
